UNITS MIL,10000;
EDIT proj;
ADD P1 :W0.000000  0.0000,-47.6899 415.4397,-47.6899 415.4397,-22.5633 0.0000,-22.5633;
ADD P1 :W0.000000  0.0000,-12.5633 415.4397,-12.5633 415.4397,12.5633 0.0000,12.5633;
ADD P1 :W0.000000  -87.4367,100.0000 -87.4367,100.0001 -112.5633,100.0001 -112.5633,100.0000 -112.1350,90.1895 -110.8532,80.4536 -108.7278,70.8665 -105.7749,61.5011 -102.0170,52.4287 -97.4827,43.7183 -92.2065,35.4363 -86.2285,27.6457 -79.5943,20.4057 -72.3543,13.7715 -64.5637,7.7935 -56.2817,2.5173 -47.5713,-2.0170 -38.4989,-5.7749 -29.1335,-8.7278 -19.5464,-10.8532 -9.8105,-12.1350 0.0000,-12.5633 0.0001,-12.5633 0.0001,12.5633 0.0000,12.5633 -7.6206,12.8960 -15.1832,13.8917 -22.6303,15.5426 -29.9051,17.8364 -36.9523,20.7554 -43.7183,24.2776 -50.1516,28.3760 -56.2032,33.0196 -61.8271,38.1729 -66.9804,43.7968 -71.6240,49.8484 -75.7224,56.2817 -79.2446,63.0477 -82.1636,70.0949 -84.4574,77.3697 -86.1083,84.8168 -87.1040,92.3794;
ADD P1 :W0.000000  -133.9543,493.7008 -133.9543,100.0000 -66.0457,100.0000 -66.0457,493.7008;
ADD P1 :W0.000000  0.0000,-47.6899 0.0001,-47.6899 0.0001,-22.5633 0.0000,-22.5633 -9.8105,-22.9916 -19.5464,-24.2734 -29.1335,-26.3988 -38.4989,-29.3517 -47.5713,-33.1096 -56.2817,-37.6439 -64.5637,-42.9201 -72.3543,-48.8981 -79.5943,-55.5323 -86.2285,-62.7723 -92.2065,-70.5629 -97.4827,-78.8449 -102.0170,-87.5553 -105.7749,-96.6277 -108.7278,-105.9931 -110.8532,-115.5802 -112.1350,-125.3161 -112.5633,-135.1266 -112.5633,-135.1267 -87.4367,-135.1267 -87.4367,-135.1266 -87.1040,-127.5060 -86.1083,-119.9434 -84.4574,-112.4963 -82.1636,-105.2215 -79.2446,-98.1743 -75.7224,-91.4083 -71.6240,-84.9750 -66.9804,-78.9234 -61.8271,-73.2995 -56.2032,-68.1462 -50.1516,-63.5026 -43.7183,-59.4042 -36.9523,-55.8820 -29.9051,-52.9630 -22.6303,-50.6692 -15.1832,-49.0183 -7.6206,-48.0226;
ADD P1 :W0.000000  -133.9543,-135.1266 -133.9543,-528.8274 -66.0457,-528.8274 -66.0457,-135.1266;
ADD P1 :W0.000000  415.4397,12.5633 415.4396,12.5633 415.4396,-12.5633 415.4397,-12.5633 425.2502,-12.1350 434.9861,-10.8532 444.5732,-8.7278 453.9386,-5.7749 463.0110,-2.0170 471.7214,2.5173 480.0034,7.7935 487.7940,13.7715 495.0340,20.4057 501.6682,27.6457 507.6462,35.4363 512.9224,43.7183 517.4567,52.4287 521.2146,61.5011 524.1675,70.8665 526.2929,80.4536 527.5747,90.1895 528.0030,100.0000 528.0030,100.0001 502.8764,100.0001 502.8764,100.0000 502.5437,92.3794 501.5480,84.8168 499.8971,77.3697 497.6033,70.0949 494.6843,63.0477 491.1621,56.2817 487.0637,49.8484 482.4201,43.7968 477.2668,38.1729 471.6429,33.0196 465.5913,28.3760 459.1580,24.2776 452.3920,20.7554 445.3448,17.8364 438.0700,15.5426 430.6229,13.8917 423.0603,12.8960;
ADD P1 :W0.000000  481.4854,493.7008 481.4854,100.0000 549.3940,100.0000 549.3940,493.7008;
ADD P1 :W0.000000  502.8764,-135.1266 502.8764,-135.1267 528.0030,-135.1267 528.0030,-135.1266 527.5747,-125.3161 526.2929,-115.5802 524.1675,-105.9931 521.2146,-96.6277 517.4567,-87.5553 512.9224,-78.8449 507.6462,-70.5629 501.6682,-62.7723 495.0340,-55.5323 487.7940,-48.8981 480.0034,-42.9201 471.7214,-37.6439 463.0110,-33.1096 453.9386,-29.3517 444.5732,-26.3988 434.9861,-24.2734 425.2502,-22.9916 415.4397,-22.5633 415.4396,-22.5633 415.4396,-47.6899 415.4397,-47.6899 423.0603,-48.0226 430.6229,-49.0183 438.0700,-50.6692 445.3448,-52.9630 452.3920,-55.8820 459.1580,-59.4042 465.5913,-63.5026 471.6429,-68.1462 477.2668,-73.2995 482.4201,-78.9234 487.0637,-84.9750 491.1621,-91.4083 494.6843,-98.1743 497.6033,-105.2215 499.8971,-112.4963 501.5480,-119.9434 502.5437,-127.5060;
ADD P1 :W0.000000  481.4854,-135.1266 481.4854,-528.8274 549.3940,-528.8274 549.3940,-135.1266;
SAVE;
