UNITS MIL,10000;
EDIT proj;
ADD P1 :W0.000000  0.0000,-94.1929 307.0866,-94.1929 307.0866,-40.0591 0.0000,-40.0591;
ADD P1 :W0.000000  0.0000,-27.0669 307.0866,-27.0669 307.0866,27.0669 0.0000,27.0669;
ADD P1 :W0.000000  -70.4480,81.1235 -70.4480,81.1236 -122.7372,67.1128 -122.7372,67.1127 -119.4038,56.5406 -115.1617,46.2992 -110.0432,36.4666 -104.0871,27.1174 -97.3389,18.3230 -89.8499,10.1502 -81.6770,2.6611 -72.8826,-4.0871 -63.5335,-10.0432 -53.7008,-15.1617 -43.4594,-19.4038 -32.8873,-22.7372 -22.0649,-25.1365 -11.0746,-26.5834 0.0000,-27.0669 0.0001,-27.0670 0.0001,27.0669 -0.0001,27.0670 -6.3566,27.3445 -12.6648,28.1750 -18.8765,29.5521 -24.9446,31.4654 -30.8229,33.9003 -36.4666,36.8382 -41.8327,40.2568 -46.8805,44.1301 -51.5715,48.4286 -55.8700,53.1196 -59.7433,58.1674 -63.1619,63.5335 -66.0998,69.1772 -68.5346,75.0555 -70.4479,81.1236;
ADD P1 :W0.000000  -185.1697,274.5580 -120.1026,291.9926 -64.0590,82.8353 -129.1261,65.4006;
ADD P1 :W0.000000  0.0000,-94.1929 0.0001,-94.1929 0.0001,-40.0591 0.0000,-40.0591 -11.0746,-40.5426 -22.0649,-41.9895 -32.8873,-44.3888 -43.4594,-47.7222 -53.7008,-51.9643 -63.5335,-57.0828 -72.8826,-63.0389 -81.6770,-69.7871 -89.8499,-77.2762 -97.3389,-85.4490 -104.0871,-94.2434 -110.0432,-103.5926 -115.1617,-113.4252 -119.4038,-123.6666 -122.7372,-134.2387 -122.7373,-134.2388 -70.4480,-148.2496 -70.4479,-148.2495 -68.5346,-142.1814 -66.0998,-136.3031 -63.1619,-130.6595 -59.7432,-125.2933 -55.8699,-120.2455 -51.5714,-115.5545 -46.8804,-111.2560 -41.8327,-107.3828 -36.4665,-103.9641 -30.8228,-101.0262 -24.9446,-98.5914 -18.8764,-96.6781 -12.6647,-95.3010 -6.3565,-94.4705 0.0000,-94.1930;
ADD P1 :W0.000000  -120.1026,-359.1186 -185.1697,-341.6840 -129.1261,-132.5266 -64.0590,-149.9613;
ADD P1 :W0.000000  307.0866,27.0669 307.0865,27.0669 307.0865,-27.0669 307.0866,-27.0669 318.1612,-26.5834 329.1515,-25.1365 339.9739,-22.7372 350.5460,-19.4038 360.7874,-15.1617 370.6201,-10.0432 379.9692,-4.0871 388.7636,2.6611 396.9365,10.1502 404.4255,18.3230 411.1737,27.1174 417.1298,36.4666 422.2483,46.2992 426.4904,56.5406 429.8238,67.1127 429.8239,67.1128 377.5346,81.1236 377.5345,81.1235 375.6212,75.0554 373.1864,69.1771 370.2485,63.5335 366.8298,58.1673 362.9565,53.1195 358.6580,48.4285 353.9670,44.1300 348.9193,40.2568 343.5531,36.8381 337.9094,33.9002 332.0312,31.4654 325.9630,29.5521 319.7513,28.1750 313.4431,27.3445 307.0866,27.0670;
ADD P1 :W0.000000  436.2127,65.4007 371.1456,82.8353 427.1892,291.9927 492.2563,274.5580;
ADD P1 :W0.000000  377.5346,-148.2495 377.5346,-148.2496 429.8238,-134.2388 429.8238,-134.2387 426.4904,-123.6666 422.2483,-113.4252 417.1298,-103.5926 411.1737,-94.2434 404.4255,-85.4490 396.9365,-77.2762 388.7636,-69.7871 379.9692,-63.0389 370.6201,-57.0828 360.7874,-51.9643 350.5460,-47.7222 339.9739,-44.3888 329.1515,-41.9895 318.1612,-40.5426 307.0866,-40.0591 307.0865,-40.0590 307.0865,-94.1929 307.0867,-94.1930 313.4432,-94.4705 319.7514,-95.3010 325.9631,-96.6781 332.0312,-98.5914 337.9095,-101.0263 343.5532,-103.9642 348.9193,-107.3828 353.9671,-111.2561 358.6581,-115.5546 362.9566,-120.2456 366.8299,-125.2934 370.2485,-130.6595 373.1864,-136.3032 375.6212,-142.1815 377.5345,-148.2496;
ADD P1 :W0.000000  371.1456,-149.9613 436.2127,-132.5267 492.2563,-341.6840 427.1892,-359.1187;
SAVE;
