UNITS MIL,10000;
EDIT proj;
ADD P1 :W0.000000  0.0000,17.2687 370.9274,17.2687 370.9274,53.8402 0.0000,53.8402;
ADD P1 :W0.000000  0.0000,61.7142 370.9274,61.7142 370.9274,98.2858 0.0000,98.2858;
ADD P1 :W0.000000  0.0000,17.2686 0.0000,53.8402 -47.2042,6.6360 -10.6327,6.6360 -10.6327,17.2686;
ADD P1 :W0.000000  369.3695,502.6192 369.3695,108.9184 430.3221,108.9184 430.3221,502.6192;
ADD P1 :W0.000000  -10.6326,108.9184 -47.2042,108.9184 0.0000,61.7142 0.0000,98.2857 -10.6326,98.2857;
ADD P1 :W0.000000  369.3695,6.6360 369.3695,-387.0648 430.3221,-387.0648 430.3221,6.6360;
ADD P1 :W0.000000  -59.3947,502.6192 -59.3947,108.9184 1.5579,108.9184 1.5579,502.6192;
ADD P1 :W0.000000  -59.3947,6.6360 -59.3947,-387.0648 1.5579,-387.0648 1.5579,6.6360;
ADD P1 :W0.000000  370.9274,98.2858 370.9274,61.7142 418.1316,108.9184 381.5601,108.9184 381.5601,98.2858;
ADD P1 :W0.000000  381.5600,6.6360 418.1316,6.6360 370.9274,53.8402 370.9274,17.2687 381.5600,17.2687;
SAVE;
