UNITS MIL,10000;
EDIT proj;
ADD P1 :W0.000000  0.0000,-81.0676 312.0517,-81.0676 312.0517,-30.1695 0.0000,-30.1695;
ADD P1 :W0.000000  0.0000,-25.4490 312.0517,-25.4490 312.0517,25.4490 0.0000,25.4490;
ADD P1 :W0.000000  0.0000,25.4490 0.0000,-25.4490 -59.6318,34.1827 -8.7337,34.1827 -8.7337,25.4490;
ADD P1 :W0.000000  -59.6317,254.6551 -59.6317,34.1827 -8.7337,34.1827 -8.7337,254.6551;
ADD P1 :W0.000000  -8.7337,-89.8012 -59.6317,-89.8012 0.0000,-30.1694 0.0000,-81.0675 -8.7337,-81.0675;
ADD P1 :W0.000000  -8.7337,-310.2736 -8.7337,-89.8012 -59.6317,-89.8012 -59.6317,-310.2736;
ADD P1 :W0.000000  320.7854,34.1827 371.6834,34.1827 312.0517,-25.4491 312.0517,25.4490 320.7854,25.4490;
ADD P1 :W0.000000  371.6834,34.1827 371.6834,254.6551 320.7854,254.6551 320.7854,34.1827;
ADD P1 :W0.000000  312.0517,-81.0675 312.0517,-30.1695 371.6835,-89.8012 320.7854,-89.8012 320.7854,-81.0675;
ADD P1 :W0.000000  320.7854,-89.8012 320.7854,-310.2736 371.6834,-310.2736 371.6834,-89.8012;
SAVE;
